{
  "cost": 427.0,
  "coverage": 1,
  "dead_ends": 265727,
  "error": "driver-input-error",
  "evaluated": 812637,
  "evaluations": 812637,
  "expansions": 286317,
  "generated": 1594731,
  "initial_h_value": 1174,
  "initial_h_values": {
    "add": 1174
  },
  "limit_search_memory": 3584,
  "limit_search_time": 1786.57,
  "memory": 305128,
  "node": "ase36.cluster.bc2.ch",
  "plan_length": 427,
  "planner_exit_code": 36,
  "planner_wall_clock_time": 854.69,
  "raw_memory": 305128,
  "reopened": 0,
  "score_evaluations": 0.022525851947759162,
  "score_expansions": 0.13578821627175203,
  "score_generated": -0.0,
  "score_memory": 0.33097601750408967,
  "score_search_time": 0.10099355719046045,
  "score_total_time": 0.10096696724981119,
  "search_time": 838.662,
  "total_time": 838.829,
  "unexplained_errors": [
    "driver-input-error"
  ],
  "unsolvable": 0
}