{
  "cost": 147.0,
  "coverage": 1,
  "dead_ends": 2232,
  "error": "driver-input-error",
  "evaluated": 46548,
  "evaluations": 46548,
  "expansions": 11226,
  "generated": 120154,
  "initial_h_value": 196,
  "initial_h_values": {
    "pinch": 196
  },
  "limit_search_memory": 3584,
  "limit_search_time": 1794.53,
  "memory": 47376,
  "node": "ase49.cluster.bc2.ch",
  "plan_length": 147,
  "planner_exit_code": 36,
  "planner_wall_clock_time": 600.56,
  "raw_memory": 47376,
  "reopened": 2380,
  "score_evaluations": 0.3330247435880796,
  "score_expansions": 0.4874437405290867,
  "score_generated": 0.23006544167275764,
  "score_memory": 0.5788355171744394,
  "score_search_time": 0.14780276184733757,
  "score_total_time": 0.14771792806303094,
  "search_time": 592.936,
  "total_time": 593.313,
  "unexplained_errors": [
    "driver-input-error"
  ],
  "unsolvable": 0
}