{
  "cost": 104.0,
  "coverage": 1,
  "dead_ends": 3502,
  "error": "driver-input-error",
  "evaluated": 92903,
  "evaluations": 92903,
  "expansions": 20613,
  "generated": 216229,
  "initial_h_value": 147,
  "initial_h_values": {
    "add": 147
  },
  "limit_search_memory": 3584,
  "limit_search_time": 1794.71,
  "memory": 37456,
  "node": "ase42.cluster.bc2.ch",
  "plan_length": 104,
  "planner_exit_code": 36,
  "planner_wall_clock_time": 100.27,
  "raw_memory": 37456,
  "reopened": 4711,
  "score_evaluations": 0.2579925654132975,
  "score_expansions": 0.42146469918485735,
  "score_generated": 0.1662715150432187,
  "score_memory": 0.6101003188717485,
  "score_search_time": 0.3933437484351982,
  "score_total_time": 0.3928290234970223,
  "search_time": 94.2011,
  "total_time": 94.5651,
  "unexplained_errors": [
    "driver-input-error"
  ],
  "unsolvable": 0
}