{
  "cost": 42.0,
  "coverage": 1,
  "dead_ends": 0,
  "error": "driver-input-error",
  "evaluated": 515202,
  "evaluations": 515202,
  "expansions": 45179,
  "generated": 831321,
  "initial_h_value": 42,
  "initial_h_values": {
    "pinch": 42
  },
  "limit_search_memory": 3584,
  "limit_search_time": 1796.58,
  "memory": 90972,
  "node": "ase34.cluster.bc2.ch",
  "plan_length": 42,
  "planner_exit_code": 36,
  "planner_wall_clock_time": 1158.6,
  "raw_memory": 90972,
  "reopened": 928,
  "score_evaluations": 0.07200561493143312,
  "score_expansions": 0.3362658465150928,
  "score_generated": 0.02005781216162899,
  "score_memory": 0.4920154237866001,
  "score_search_time": 0.05932251208277798,
  "score_total_time": 0.05929934267971784,
  "search_time": 1151.82,
  "total_time": 1152.02,
  "unexplained_errors": [
    "driver-input-error"
  ],
  "unsolvable": 0
}