{
  "cost": 359.0,
  "coverage": 1,
  "dead_ends": 0,
  "error": "driver-input-error",
  "evaluated": 732897,
  "evaluations": 732897,
  "expansions": 376,
  "generated": 773231,
  "initial_h_value": 1046,
  "initial_h_values": {
    "pinch_tracking": 1046
  },
  "limit_search_memory": 3584,
  "limit_search_time": 1754.89,
  "memory": 233088,
  "node": "ase53.cluster.bc2.ch",
  "plan_length": 359,
  "planner_exit_code": 36,
  "planner_wall_clock_time": 374.75,
  "raw_memory": 233088,
  "reopened": 0,
  "score_evaluations": 0.033739264005062,
  "score_expansions": 0.8562030387680848,
  "score_generated": 0.02792268569299198,
  "score_memory": 0.3668139837011778,
  "score_search_time": 0.22554497350779318,
  "score_total_time": 0.2244978316572092,
  "search_time": 325.481,
  "total_time": 328.037,
  "unexplained_errors": [
    "driver-input-error"
  ],
  "unsolvable": 0
}