{
  "cost": 155.0,
  "coverage": 1,
  "dead_ends": 44,
  "error": "driver-input-error",
  "evaluated": 56821,
  "evaluations": 56821,
  "expansions": 10814,
  "generated": 115333,
  "initial_h_value": 819,
  "initial_h_values": {
    "add": 819
  },
  "limit_search_memory": 3584,
  "limit_search_time": 1793.73,
  "memory": 33684,
  "node": "ase34.cluster.bc2.ch",
  "plan_length": 155,
  "planner_exit_code": 36,
  "planner_wall_clock_time": 42.76,
  "raw_memory": 33684,
  "reopened": 406,
  "score_evaluations": 0.31137278183551165,
  "score_expansions": 0.49150340869009856,
  "score_generated": 0.23451160277876587,
  "score_memory": 0.624224966950887,
  "score_search_time": 0.5225379105003756,
  "score_total_time": 0.520749987322387,
  "search_time": 35.7722,
  "total_time": 36.2546,
  "unexplained_errors": [
    "driver-input-error"
  ],
  "unsolvable": 0
}