{
  "cost": 134.0,
  "coverage": 1,
  "dead_ends": 8419,
  "error": "driver-input-error",
  "evaluated": 165255,
  "evaluations": 165255,
  "expansions": 51177,
  "generated": 540542,
  "initial_h_value": 196,
  "initial_h_values": {
    "add": 196
  },
  "limit_search_memory": 3584,
  "limit_search_time": 1794.24,
  "memory": 45836,
  "node": "ase40.cluster.bc2.ch",
  "plan_length": 134,
  "planner_exit_code": 36,
  "planner_wall_clock_time": 191.96,
  "raw_memory": 45836,
  "reopened": 16772,
  "score_evaluations": 0.19546134787804062,
  "score_expansions": 0.32273129402033907,
  "score_generated": 0.06679263895237379,
  "score_memory": 0.5832329654999939,
  "score_search_time": 0.3031879809744446,
  "score_total_time": 0.302897664103137,
  "search_time": 185.073,
  "total_time": 185.476,
  "unexplained_errors": [
    "driver-input-error"
  ],
  "unsolvable": 0
}