{
  "cost": 146.0,
  "coverage": 1,
  "dead_ends": 20,
  "error": "driver-input-error",
  "evaluated": 23211,
  "evaluations": 23211,
  "expansions": 7741,
  "generated": 59732,
  "initial_h_value": 1274,
  "initial_h_values": {
    "add": 1274
  },
  "limit_search_memory": 3584,
  "limit_search_time": 1797.02,
  "memory": 30000,
  "node": "ase45.cluster.bc2.ch",
  "plan_length": 146,
  "planner_exit_code": 36,
  "planner_wall_clock_time": 11.4,
  "raw_memory": 30000,
  "reopened": 1546,
  "score_evaluations": 0.4085765371056845,
  "score_expansions": 0.5278007331358299,
  "score_generated": 0.30594823589375186,
  "score_memory": 0.6396379522601094,
  "score_search_time": 0.7213748358678248,
  "score_total_time": 0.7179836065621533,
  "search_time": 8.06864,
  "total_time": 8.27632,
  "unexplained_errors": [
    "driver-input-error"
  ],
  "unsolvable": 0
}