{
  "cost": 109.0,
  "coverage": 1,
  "dead_ends": 820,
  "error": "driver-input-error",
  "evaluated": 33155,
  "evaluations": 33155,
  "expansions": 6205,
  "generated": 67777,
  "initial_h_value": 172,
  "initial_h_values": {
    "pinch": 172
  },
  "limit_search_memory": 3584,
  "limit_search_time": 1794.61,
  "memory": 46720,
  "node": "ase39.cluster.bc2.ch",
  "plan_length": 109,
  "planner_exit_code": 36,
  "planner_wall_clock_time": 491.05,
  "raw_memory": 46720,
  "reopened": 522,
  "score_evaluations": 0.369862741937993,
  "score_expansions": 0.5518145535413128,
  "score_generated": 0.29222941454108065,
  "score_memory": 0.5806909790888587,
  "score_search_time": 0.1749523942310068,
  "score_total_time": 0.17485698038948783,
  "search_time": 483.816,
  "total_time": 484.162,
  "unexplained_errors": [
    "driver-input-error"
  ],
  "unsolvable": 0
}