{
  "cost": 139.0,
  "coverage": 1,
  "dead_ends": 2229,
  "error": "driver-input-error",
  "evaluated": 54538,
  "evaluations": 54538,
  "expansions": 12708,
  "generated": 135549,
  "initial_h_value": 198,
  "initial_h_values": {
    "pinch_tracking": 198
  },
  "limit_search_memory": 3584,
  "limit_search_time": 1794.32,
  "memory": 54716,
  "node": "ase49.cluster.bc2.ch",
  "plan_length": 139,
  "planner_exit_code": 36,
  "planner_wall_clock_time": 889.93,
  "raw_memory": 54716,
  "reopened": 2500,
  "score_evaluations": 0.31582519810249304,
  "score_expansions": 0.4739806984612225,
  "score_generated": 0.2169759205095936,
  "score_memory": 0.5596679650247173,
  "score_search_time": 0.09488402283979065,
  "score_total_time": 0.09482876087901966,
  "search_time": 881.367,
  "total_time": 881.732,
  "unexplained_errors": [
    "driver-input-error"
  ],
  "unsolvable": 0
}