{
  "cost": 2031893.0,
  "coverage": 1,
  "dead_ends": 2755,
  "error": "driver-input-error",
  "evaluated": 14956,
  "evaluations": 14956,
  "expansions": 2161,
  "generated": 32277,
  "initial_h_value": 9706073,
  "initial_h_values": {
    "add": 9706073
  },
  "limit_search_memory": 3584,
  "limit_search_time": 1799.76,
  "memory": 76324,
  "node": "ase36.cluster.bc2.ch",
  "plan_length": 75,
  "planner_exit_code": 36,
  "planner_wall_clock_time": 16.41,
  "raw_memory": 76324,
  "reopened": 0,
  "score_evaluations": 0.45629613587945445,
  "score_expansions": 0.6663363082791898,
  "score_generated": 0.3727767094415838,
  "score_memory": 0.5153778863853614,
  "score_search_time": 0.6300016950724477,
  "score_total_time": 0.6299333852005701,
  "search_time": 16.0112,
  "total_time": 16.0194,
  "unexplained_errors": [
    "driver-input-error"
  ],
  "unsolvable": 0
}