{
  "cost": 155.0,
  "coverage": 1,
  "dead_ends": 12909,
  "error": "driver-input-error",
  "evaluated": 34539,
  "evaluations": 34539,
  "expansions": 16455,
  "generated": 62270,
  "initial_h_value": 470,
  "initial_h_values": {
    "pinch": 470
  },
  "limit_search_memory": 3584,
  "limit_search_time": 1795.84,
  "memory": 28024,
  "node": "ase45.cluster.bc2.ch",
  "plan_length": 155,
  "planner_exit_code": 36,
  "planner_wall_clock_time": 24.77,
  "raw_memory": 28024,
  "reopened": 0,
  "score_evaluations": 0.36542256015456653,
  "score_expansions": 0.4459255283424019,
  "score_generated": 0.30143028356964996,
  "score_memory": 0.6487048680010337,
  "score_search_time": 0.5976156984644225,
  "score_total_time": 0.5972699519530708,
  "search_time": 20.3923,
  "total_time": 20.4452,
  "unexplained_errors": [
    "driver-input-error"
  ],
  "unsolvable": 0
}