{
  "cost": 138.0,
  "coverage": 1,
  "dead_ends": 1204,
  "error": "driver-input-error",
  "evaluated": 40420,
  "evaluations": 40420,
  "expansions": 7608,
  "generated": 82329,
  "initial_h_value": 197,
  "initial_h_values": {
    "pinch_tracking": 197
  },
  "limit_search_memory": 3584,
  "limit_search_time": 1794.15,
  "memory": 49800,
  "node": "ase47.cluster.bc2.ch",
  "plan_length": 138,
  "planner_exit_code": 36,
  "planner_wall_clock_time": 479.92,
  "raw_memory": 49800,
  "reopened": 1203,
  "score_evaluations": 0.3483509227051787,
  "score_expansions": 0.5296823740176607,
  "score_generated": 0.27111178991646107,
  "score_memory": 0.5721953956391941,
  "score_search_time": 0.1781638157544766,
  "score_total_time": 0.1780443089372726,
  "search_time": 472.214,
  "total_time": 472.637,
  "unexplained_errors": [
    "driver-input-error"
  ],
  "unsolvable": 0
}