{
  "cost": 128.0,
  "coverage": 1,
  "dead_ends": 3548,
  "error": "driver-input-error",
  "evaluated": 198276,
  "evaluations": 198276,
  "expansions": 48538,
  "generated": 562404,
  "initial_h_value": 171,
  "initial_h_values": {
    "add": 171
  },
  "limit_search_memory": 3584,
  "limit_search_time": 1794.45,
  "memory": 45576,
  "node": "ase36.cluster.bc2.ch",
  "plan_length": 128,
  "planner_exit_code": 36,
  "planner_wall_clock_time": 219.1,
  "raw_memory": 45576,
  "reopened": 13213,
  "score_evaluations": 0.1756824627728826,
  "score_expansions": 0.3284795306663414,
  "score_generated": 0.0624878997834423,
  "score_memory": 0.5839899441643949,
  "score_search_time": 0.28492758956861153,
  "score_total_time": 0.2846844281485499,
  "search_time": 212.225,
  "total_time": 212.612,
  "unexplained_errors": [
    "driver-input-error"
  ],
  "unsolvable": 0
}