{
  "cost": 270.0,
  "coverage": 1,
  "dead_ends": 0,
  "error": "driver-input-error",
  "evaluated": 707606,
  "evaluations": 707606,
  "expansions": 314,
  "generated": 731915,
  "initial_h_value": 777,
  "initial_h_values": {
    "pinch_tracking": 777
  },
  "limit_search_memory": 3584,
  "limit_search_time": 1760.62,
  "memory": 214656,
  "node": "ase42.cluster.bc2.ch",
  "plan_length": 270,
  "planner_exit_code": 36,
  "planner_wall_clock_time": 283.16,
  "raw_memory": 214656,
  "reopened": 0,
  "score_evaluations": 0.03755212330892085,
  "score_expansions": 0.8757675879816963,
  "score_generated": 0.033884838059998375,
  "score_memory": 0.3777762545185216,
  "score_search_time": 0.26655341453048526,
  "score_total_time": 0.2653299912402415,
  "search_time": 240.172,
  "total_time": 242.378,
  "unexplained_errors": [
    "driver-input-error"
  ],
  "unsolvable": 0
}