{
  "cost": 2318715.0,
  "coverage": 1,
  "dead_ends": 39177,
  "error": "driver-input-error",
  "evaluated": 164704,
  "evaluations": 164704,
  "expansions": 21104,
  "generated": 449435,
  "initial_h_value": 13196200,
  "initial_h_values": {
    "add": 13196200
  },
  "limit_search_memory": 3584,
  "limit_search_time": 1799.7,
  "memory": 165724,
  "node": "ase38.cluster.bc2.ch",
  "plan_length": 89,
  "planner_exit_code": 36,
  "planner_wall_clock_time": 259.61,
  "raw_memory": 165724,
  "reopened": 0,
  "score_evaluations": 0.19582396335748098,
  "score_expansions": 0.41890880544942755,
  "score_generated": 0.08683327741903936,
  "score_memory": 0.4122033651401119,
  "score_search_time": 0.2589702708907069,
  "score_total_time": 0.2589645903457966,
  "search_time": 258.345,
  "total_time": 258.356,
  "unexplained_errors": [
    "driver-input-error"
  ],
  "unsolvable": 0
}