{
  "cost": 117.0,
  "coverage": 1,
  "dead_ends": 1819,
  "error": "driver-input-error",
  "evaluated": 69572,
  "evaluations": 69572,
  "expansions": 14000,
  "generated": 153375,
  "initial_h_value": 146,
  "initial_h_values": {
    "pinch": 146
  },
  "limit_search_memory": 3584,
  "limit_search_time": 1794.91,
  "memory": 45868,
  "node": "ase36.cluster.bc2.ch",
  "plan_length": 117,
  "planner_exit_code": 36,
  "planner_wall_clock_time": 1024.26,
  "raw_memory": 45868,
  "reopened": 2556,
  "score_evaluations": 0.289391377928451,
  "score_expansions": 0.4634679910804405,
  "score_generated": 0.2035613560662348,
  "score_memory": 0.5831400957989746,
  "score_search_time": 0.07597238019118296,
  "score_total_time": 0.07592771779646504,
  "search_time": 1015.84,
  "total_time": 1016.18,
  "unexplained_errors": [
    "driver-input-error"
  ],
  "unsolvable": 0
}