{
  "cost": 146.0,
  "coverage": 1,
  "dead_ends": 20,
  "error": "driver-input-error",
  "evaluated": 23211,
  "evaluations": 23211,
  "expansions": 7741,
  "generated": 59732,
  "initial_h_value": 1274,
  "initial_h_values": {
    "pinch": 1274
  },
  "limit_search_memory": 3584,
  "limit_search_time": 1797.0,
  "memory": 33636,
  "node": "ase47.cluster.bc2.ch",
  "plan_length": 146,
  "planner_exit_code": 36,
  "planner_wall_clock_time": 26.69,
  "raw_memory": 33636,
  "reopened": 1546,
  "score_evaluations": 0.4085765371056845,
  "score_expansions": 0.5278007331358299,
  "score_generated": 0.30594823589375186,
  "score_memory": 0.6244147290756602,
  "score_search_time": 0.5798722081194225,
  "score_total_time": 0.5786748146832105,
  "search_time": 23.2984,
  "total_time": 23.5084,
  "unexplained_errors": [
    "driver-input-error"
  ],
  "unsolvable": 0
}