{
  "cost": 44.0,
  "coverage": 1,
  "dead_ends": 0,
  "error": "driver-input-error",
  "evaluated": 422142,
  "evaluations": 422142,
  "expansions": 32878,
  "generated": 673562,
  "initial_h_value": 82,
  "initial_h_values": {
    "pinch": 82
  },
  "limit_search_memory": 3584,
  "limit_search_time": 1796.19,
  "memory": 57796,
  "node": "ase40.cluster.bc2.ch",
  "plan_length": 44,
  "planner_exit_code": 36,
  "planner_wall_clock_time": 1036.93,
  "raw_memory": 57796,
  "reopened": 3962,
  "score_evaluations": 0.09363535915352122,
  "score_expansions": 0.37077365221868586,
  "score_generated": 0.04290560554627826,
  "score_memory": 0.5523805631139598,
  "score_search_time": 0.07448010780036941,
  "score_total_time": 0.07444895389252636,
  "search_time": 1027.94,
  "total_time": 1028.18,
  "unexplained_errors": [
    "driver-input-error"
  ],
  "unsolvable": 0
}