{
  "cost": 137.0,
  "coverage": 1,
  "dead_ends": 2076,
  "error": "driver-input-error",
  "evaluated": 90617,
  "evaluations": 90617,
  "expansions": 20155,
  "generated": 176586,
  "initial_h_value": 1050,
  "initial_h_values": {
    "add": 1050
  },
  "limit_search_memory": 3584,
  "limit_search_time": 1796.63,
  "memory": 37192,
  "node": "ase49.cluster.bc2.ch",
  "plan_length": 137,
  "planner_exit_code": 36,
  "planner_wall_clock_time": 50.03,
  "raw_memory": 37192,
  "reopened": 172,
  "score_evaluations": 0.2606975799582447,
  "score_expansions": 0.42390429937773255,
  "score_generated": 0.1882609327260804,
  "score_memory": 0.6110415578245115,
  "score_search_time": 0.48867095303198116,
  "score_total_time": 0.4879102019094624,
  "search_time": 46.1423,
  "total_time": 46.4061,
  "unexplained_errors": [
    "driver-input-error"
  ],
  "unsolvable": 0
}