{
  "cost": 35.0,
  "coverage": 1,
  "dead_ends": 283,
  "error": "driver-input-error",
  "evaluated": 60003,
  "evaluations": 60003,
  "expansions": 37724,
  "generated": 97743,
  "initial_h_value": 21,
  "initial_h_values": {
    "pinch": 21
  },
  "limit_search_memory": 3584,
  "limit_search_time": 1795.33,
  "memory": 49204,
  "node": "ase37.cluster.bc2.ch",
  "plan_length": 35,
  "planner_exit_code": 36,
  "planner_wall_clock_time": 666.92,
  "raw_memory": 49204,
  "reopened": 4409,
  "score_evaluations": 0.30545675885877777,
  "score_expansions": 0.3558455659546143,
  "score_generated": 0.25247858385445565,
  "score_memory": 0.5737975748619075,
  "score_search_time": 0.13401877961048556,
  "score_total_time": 0.13391492623015736,
  "search_time": 657.7,
  "total_time": 658.212,
  "unexplained_errors": [
    "driver-input-error"
  ],
  "unsolvable": 0
}