{
  "cost": 140.0,
  "coverage": 1,
  "dead_ends": 0,
  "error": "driver-input-error",
  "evaluated": 163839,
  "evaluations": 163839,
  "expansions": 49166,
  "generated": 407359,
  "initial_h_value": 1259,
  "initial_h_values": {
    "pinch": 1259
  },
  "limit_search_memory": 3584,
  "limit_search_time": 1796.68,
  "memory": 48292,
  "node": "ase40.cluster.bc2.ch",
  "plan_length": 140,
  "planner_exit_code": 36,
  "planner_wall_clock_time": 324.25,
  "raw_memory": 48292,
  "reopened": 2112,
  "score_evaluations": 0.19639567785887718,
  "score_expansions": 0.32708378079603556,
  "score_generated": 0.09750567103683777,
  "score_memory": 0.5762871947159002,
  "score_search_time": 0.23049269878946194,
  "score_total_time": 0.23040540784641508,
  "search_time": 319.403,
  "total_time": 319.612,
  "unexplained_errors": [
    "driver-input-error"
  ],
  "unsolvable": 0
}