{
  "cost": 147.0,
  "coverage": 1,
  "dead_ends": 2232,
  "error": "driver-input-error",
  "evaluated": 46548,
  "evaluations": 46548,
  "expansions": 11226,
  "generated": 120154,
  "initial_h_value": 196,
  "initial_h_values": {
    "pinch_tracking": 196
  },
  "limit_search_memory": 3584,
  "limit_search_time": 1794.09,
  "memory": 49724,
  "node": "ase53.cluster.bc2.ch",
  "plan_length": 147,
  "planner_exit_code": 36,
  "planner_wall_clock_time": 670.12,
  "raw_memory": 49724,
  "reopened": 2380,
  "score_evaluations": 0.3330247435880796,
  "score_expansions": 0.4874437405290867,
  "score_generated": 0.23006544167275764,
  "score_memory": 0.5723986304909241,
  "score_search_time": 0.13369683443751698,
  "score_total_time": 0.13360732915990955,
  "search_time": 658.894,
  "total_time": 659.336,
  "unexplained_errors": [
    "driver-input-error"
  ],
  "unsolvable": 0
}