{
  "cost": 43.0,
  "coverage": 1,
  "dead_ends": 12,
  "error": "driver-input-error",
  "evaluated": 245497,
  "evaluations": 245497,
  "expansions": 28619,
  "generated": 925030,
  "initial_h_value": 46,
  "initial_h_values": {
    "pinch": 46
  },
  "limit_search_memory": 3584,
  "limit_search_time": 1798.9,
  "memory": 32920,
  "node": "ase36.cluster.bc2.ch",
  "plan_length": 43,
  "planner_exit_code": 36,
  "planner_wall_clock_time": 13.44,
  "raw_memory": 32920,
  "reopened": 539,
  "score_evaluations": 0.15248845265857947,
  "score_expansions": 0.3858363863378878,
  "score_generated": 0.008461045565732777,
  "score_memory": 0.6272779502345568,
  "score_search_time": 0.6667470565185473,
  "score_total_time": 0.6662157215333339,
  "search_time": 12.1546,
  "total_time": 12.2031,
  "unexplained_errors": [
    "driver-input-error"
  ],
  "unsolvable": 0
}