{
  "cost": 986.0,
  "coverage": 1,
  "dead_ends": 0,
  "error": "driver-input-error",
  "evaluated": 62006,
  "evaluations": 62006,
  "expansions": 68237,
  "generated": 272762,
  "initial_h_value": 864,
  "initial_h_values": {
    "add": 864
  },
  "limit_search_memory": 3584,
  "limit_search_time": 1799.8,
  "memory": 21868,
  "node": "ase54.cluster.bc2.ch",
  "plan_length": 986,
  "planner_exit_code": 36,
  "planner_wall_clock_time": 1.78,
  "raw_memory": 21868,
  "reopened": 32456,
  "score_evaluations": 0.3018915710092508,
  "score_expansions": 0.29149501873125566,
  "score_generated": 0.14105403344875297,
  "score_memory": 0.6817113044824957,
  "score_search_time": 0.9480976063091472,
  "score_total_time": 0.9474616853452944,
  "search_time": 1.47555,
  "total_time": 1.4826,
  "unexplained_errors": [
    "driver-input-error"
  ],
  "unsolvable": 0
}