{
  "cost": 119.0,
  "coverage": 1,
  "dead_ends": 727,
  "error": "driver-input-error",
  "evaluated": 9828,
  "evaluations": 9828,
  "expansions": 1661,
  "generated": 18010,
  "initial_h_value": 171,
  "initial_h_values": {
    "pinch": 171
  },
  "limit_search_memory": 3584,
  "limit_search_time": 1794.42,
  "memory": 42772,
  "node": "ase42.cluster.bc2.ch",
  "plan_length": 119,
  "planner_exit_code": 36,
  "planner_wall_clock_time": 192.21,
  "raw_memory": 42772,
  "reopened": 197,
  "score_evaluations": 0.5018837130479892,
  "score_expansions": 0.6949075918871513,
  "score_generated": 0.43612157179511674,
  "score_memory": 0.5924396094209257,
  "score_search_time": 0.30285016154636296,
  "score_total_time": 0.3025641905712144,
  "search_time": 185.555,
  "total_time": 185.953,
  "unexplained_errors": [
    "driver-input-error"
  ],
  "unsolvable": 0
}