{
  "cost": 168.0,
  "coverage": 1,
  "dead_ends": 135602,
  "error": "driver-input-error",
  "evaluated": 361847,
  "evaluations": 361847,
  "expansions": 149299,
  "generated": 718321,
  "initial_h_value": 358,
  "initial_h_values": {
    "pinch_tracking": 358
  },
  "limit_search_memory": 3584,
  "limit_search_time": 1796.9,
  "memory": 92716,
  "node": "ase52.cluster.bc2.ch",
  "plan_length": 168,
  "planner_exit_code": 36,
  "planner_wall_clock_time": 215.08,
  "raw_memory": 92716,
  "reopened": 0,
  "score_evaluations": 0.11036875591759059,
  "score_expansions": 0.2064857752889988,
  "score_generated": 0.03592035921277874,
  "score_memory": 0.4894885062120834,
  "score_search_time": 0.2857013178320863,
  "score_total_time": 0.28567352056191486,
  "search_time": 211.204,
  "total_time": 211.248,
  "unexplained_errors": [
    "driver-input-error"
  ],
  "unsolvable": 0
}