{
  "cost": 91.0,
  "coverage": 1,
  "dead_ends": 0,
  "error": "driver-input-error",
  "evaluated": 137478,
  "evaluations": 137478,
  "expansions": 11006,
  "generated": 362641,
  "initial_h_value": 124,
  "initial_h_values": {
    "pinch": 124
  },
  "limit_search_memory": 3584,
  "limit_search_time": 1799.12,
  "memory": 28196,
  "node": "ase47.cluster.bc2.ch",
  "plan_length": 91,
  "planner_exit_code": 36,
  "planner_wall_clock_time": 12.71,
  "raw_memory": 28196,
  "reopened": 1385,
  "score_evaluations": 0.21544169862759643,
  "score_expansions": 0.4895926228812156,
  "score_generated": 0.1101307740899486,
  "score_memory": 0.6478906301421871,
  "score_search_time": 0.6722666821263876,
  "score_total_time": 0.671777937811286,
  "search_time": 11.6625,
  "total_time": 11.7053,
  "unexplained_errors": [
    "driver-input-error"
  ],
  "unsolvable": 0
}