{
  "cost": 168.0,
  "coverage": 1,
  "dead_ends": 135602,
  "error": "driver-input-error",
  "evaluated": 361847,
  "evaluations": 361847,
  "expansions": 149299,
  "generated": 718321,
  "initial_h_value": 358,
  "initial_h_values": {
    "pinch": 358
  },
  "limit_search_memory": 3584,
  "limit_search_time": 1796.55,
  "memory": 80376,
  "node": "ase35.cluster.bc2.ch",
  "plan_length": 168,
  "planner_exit_code": 36,
  "planner_wall_clock_time": 202.14,
  "raw_memory": 80376,
  "reopened": 0,
  "score_evaluations": 0.11036875591759059,
  "score_expansions": 0.2064857752889988,
  "score_generated": 0.03592035921277874,
  "score_memory": 0.508494381950003,
  "score_search_time": 0.29433076414525794,
  "score_total_time": 0.294299757283706,
  "search_time": 197.951,
  "total_time": 197.997,
  "unexplained_errors": [
    "driver-input-error"
  ],
  "unsolvable": 0
}