{
  "cost": 359.0,
  "coverage": 1,
  "dead_ends": 0,
  "error": "driver-input-error",
  "evaluated": 732897,
  "evaluations": 732897,
  "expansions": 376,
  "generated": 773231,
  "initial_h_value": 1046,
  "initial_h_values": {
    "pinch": 1046
  },
  "limit_search_memory": 3584,
  "limit_search_time": 1752.82,
  "memory": 204252,
  "node": "ase37.cluster.bc2.ch",
  "plan_length": 359,
  "planner_exit_code": 36,
  "planner_wall_clock_time": 129.94,
  "raw_memory": 204252,
  "reopened": 0,
  "score_evaluations": 0.033739264005062,
  "score_expansions": 0.8562030387680848,
  "score_generated": 0.02792268569299198,
  "score_memory": 0.3843875008467687,
  "score_search_time": 0.41455427407814344,
  "score_total_time": 0.4101855039726892,
  "search_time": 79.256,
  "total_time": 81.8848,
  "unexplained_errors": [
    "driver-input-error"
  ],
  "unsolvable": 0
}