{
  "cost": 986.0,
  "coverage": 1,
  "dead_ends": 0,
  "error": "driver-input-error",
  "evaluated": 62006,
  "evaluations": 62006,
  "expansions": 68237,
  "generated": 272762,
  "initial_h_value": 864,
  "initial_h_values": {
    "pinch": 864
  },
  "limit_search_memory": 3584,
  "limit_search_time": 1799.79,
  "memory": 21872,
  "node": "ase44.cluster.bc2.ch",
  "plan_length": 986,
  "planner_exit_code": 36,
  "planner_wall_clock_time": 3.48,
  "raw_memory": 21872,
  "reopened": 32456,
  "score_evaluations": 0.3018915710092508,
  "score_expansions": 0.29149501873125566,
  "score_generated": 0.14105403344875297,
  "score_memory": 0.6816869659972982,
  "score_search_time": 0.8470950931608212,
  "score_total_time": 0.8467820536456211,
  "search_time": 3.14586,
  "total_time": 3.15325,
  "unexplained_errors": [
    "driver-input-error"
  ],
  "unsolvable": 0
}