{
  "cost": 139.0,
  "coverage": 1,
  "dead_ends": 2229,
  "error": "driver-input-error",
  "evaluated": 54538,
  "evaluations": 54538,
  "expansions": 12708,
  "generated": 135549,
  "initial_h_value": 198,
  "initial_h_values": {
    "pinch": 198
  },
  "limit_search_memory": 3584,
  "limit_search_time": 1794.03,
  "memory": 52152,
  "node": "ase54.cluster.bc2.ch",
  "plan_length": 139,
  "planner_exit_code": 36,
  "planner_wall_clock_time": 1203.54,
  "raw_memory": 52152,
  "reopened": 2500,
  "score_evaluations": 0.31582519810249304,
  "score_expansions": 0.4739806984612225,
  "score_generated": 0.2169759205095936,
  "score_memory": 0.5660545106801467,
  "score_search_time": 0.054397438222837255,
  "score_total_time": 0.05434824192443242,
  "search_time": 1193.52,
  "total_time": 1193.96,
  "unexplained_errors": [
    "driver-input-error"
  ],
  "unsolvable": 0
}