{
  "cost": 137.0,
  "coverage": 1,
  "dead_ends": 2076,
  "error": "driver-input-error",
  "evaluated": 90617,
  "evaluations": 90617,
  "expansions": 20155,
  "generated": 176586,
  "initial_h_value": 1050,
  "initial_h_values": {
    "pinch_tracking": 1050
  },
  "limit_search_memory": 3584,
  "limit_search_time": 1796.35,
  "memory": 44780,
  "node": "ase44.cluster.bc2.ch",
  "plan_length": 137,
  "planner_exit_code": 36,
  "planner_wall_clock_time": 230.61,
  "raw_memory": 44780,
  "reopened": 172,
  "score_evaluations": 0.2606975799582447,
  "score_expansions": 0.42390429937773255,
  "score_generated": 0.1882609327260804,
  "score_memory": 0.5863346028841393,
  "score_search_time": 0.27678099897809183,
  "score_total_time": 0.2766002380889815,
  "search_time": 225.755,
  "total_time": 226.061,
  "unexplained_errors": [
    "driver-input-error"
  ],
  "unsolvable": 0
}