{
  "cost": 28.0,
  "coverage": 1,
  "dead_ends": 0,
  "error": "driver-input-error",
  "evaluated": 124567,
  "evaluations": 124567,
  "expansions": 22128,
  "generated": 232999,
  "initial_h_value": 32,
  "initial_h_values": {
    "pinch": 32
  },
  "limit_search_memory": 3584,
  "limit_search_time": 1798.74,
  "memory": 34868,
  "node": "ase43.cluster.bc2.ch",
  "plan_length": 28,
  "planner_exit_code": 36,
  "planner_wall_clock_time": 127.72,
  "raw_memory": 34868,
  "reopened": 0,
  "score_evaluations": 0.22614924868104586,
  "score_expansions": 0.41376445930869105,
  "score_generated": 0.15816148572569902,
  "score_memory": 0.6196278336884323,
  "score_search_time": 0.35482983890152764,
  "score_total_time": 0.35475673186861323,
  "search_time": 125.895,
  "total_time": 125.964,
  "unexplained_errors": [
    "driver-input-error"
  ],
  "unsolvable": 0
}