{
  "cost": 2397267.0,
  "coverage": 1,
  "dead_ends": 2013,
  "error": "driver-input-error",
  "evaluated": 17053,
  "evaluations": 17053,
  "expansions": 1742,
  "generated": 25900,
  "initial_h_value": 8649350,
  "initial_h_values": {
    "add": 8649350
  },
  "limit_search_memory": 3584,
  "limit_search_time": 1799.8,
  "memory": 76196,
  "node": "ase31.cluster.bc2.ch",
  "plan_length": 72,
  "planner_exit_code": 36,
  "planner_wall_clock_time": 36.85,
  "raw_memory": 76196,
  "reopened": 5,
  "score_evaluations": 0.4420498019855251,
  "score_expansions": 0.689737962332089,
  "score_generated": 0.396675058979687,
  "score_memory": 0.5156012413477539,
  "score_search_time": 0.5202086071650978,
  "score_total_time": 0.5201844592602823,
  "search_time": 36.461,
  "total_time": 36.4676,
  "unexplained_errors": [
    "driver-input-error"
  ],
  "unsolvable": 0
}