{
  "cost": 45.0,
  "coverage": 1,
  "dead_ends": 1001,
  "error": "driver-input-error",
  "evaluated": 143433,
  "evaluations": 143433,
  "expansions": 81410,
  "generated": 207985,
  "initial_h_value": 27,
  "initial_h_values": {
    "add": 27
  },
  "limit_search_memory": 3584,
  "limit_search_time": 1795.16,
  "memory": 43688,
  "node": "ase51.cluster.bc2.ch",
  "plan_length": 45,
  "planner_exit_code": 36,
  "planner_wall_clock_time": 132.87,
  "raw_memory": 43688,
  "reopened": 6546,
  "score_evaluations": 0.21083772948032398,
  "score_expansions": 0.27233056131432365,
  "score_generated": 0.17049199637004836,
  "score_memory": 0.5896198709930645,
  "score_search_time": 0.3536171142445356,
  "score_total_time": 0.3529330600184213,
  "search_time": 126.881,
  "total_time": 127.533,
  "unexplained_errors": [
    "driver-input-error"
  ],
  "unsolvable": 0
}