{
  "cost": 42.0,
  "coverage": 1,
  "dead_ends": 0,
  "error": "driver-input-error",
  "evaluated": 515202,
  "evaluations": 515202,
  "expansions": 45179,
  "generated": 831321,
  "initial_h_value": 42,
  "initial_h_values": {
    "pinch_tracking": 42
  },
  "limit_search_memory": 3584,
  "limit_search_time": 1798.09,
  "memory": 103592,
  "node": "ase46.cluster.bc2.ch",
  "plan_length": 42,
  "planner_exit_code": 36,
  "planner_wall_clock_time": 712.92,
  "raw_memory": 103592,
  "reopened": 928,
  "score_evaluations": 0.07200561493143312,
  "score_expansions": 0.3362658465150928,
  "score_generated": 0.02005781216162899,
  "score_memory": 0.47472843428863026,
  "score_search_time": 0.12432174987550206,
  "score_total_time": 0.1243008386323034,
  "search_time": 708.219,
  "total_time": 708.33,
  "unexplained_errors": [
    "driver-input-error"
  ],
  "unsolvable": 0
}