{
  "cost": 42.0,
  "coverage": 1,
  "dead_ends": 0,
  "error": "driver-input-error",
  "evaluated": 515202,
  "evaluations": 515202,
  "expansions": 45179,
  "generated": 831321,
  "initial_h_value": 42,
  "initial_h_values": {
    "add": 42
  },
  "limit_search_memory": 3584,
  "limit_search_time": 1798.14,
  "memory": 89572,
  "node": "ase48.cluster.bc2.ch",
  "plan_length": 42,
  "planner_exit_code": 36,
  "planner_wall_clock_time": 133.08,
  "raw_memory": 89572,
  "reopened": 928,
  "score_evaluations": 0.07200561493143312,
  "score_expansions": 0.3362658465150928,
  "score_generated": 0.02005781216162899,
  "score_memory": 0.4940792161984332,
  "score_search_time": 0.3498247136678266,
  "score_total_time": 0.34972264676179615,
  "search_time": 130.679,
  "total_time": 130.779,
  "unexplained_errors": [
    "driver-input-error"
  ],
  "unsolvable": 0
}