{
  "cost": 139.0,
  "coverage": 1,
  "dead_ends": 17755,
  "error": "driver-input-error",
  "evaluated": 806084,
  "evaluations": 806084,
  "expansions": 277191,
  "generated": 3181218,
  "initial_h_value": 196,
  "initial_h_values": {
    "add": 196
  },
  "limit_search_memory": 3584,
  "limit_search_time": 1794.12,
  "memory": 85680,
  "node": "ase52.cluster.bc2.ch",
  "plan_length": 139,
  "planner_exit_code": 36,
  "planner_wall_clock_time": 1058.63,
  "raw_memory": 85680,
  "reopened": 121736,
  "score_evaluations": 0.02340492477340758,
  "score_expansions": 0.1393052186898328,
  "score_generated": -0.0,
  "score_memory": 0.4999906603682106,
  "score_search_time": 0.07157737580768413,
  "score_total_time": 0.07152269728877605,
  "search_time": 1049.42,
  "total_time": 1049.85,
  "unexplained_errors": [
    "driver-input-error"
  ],
  "unsolvable": 0
}