{
  "cost": 1576452.0,
  "coverage": 1,
  "dead_ends": 333,
  "error": "driver-input-error",
  "evaluated": 3531,
  "evaluations": 3531,
  "expansions": 508,
  "generated": 5725,
  "initial_h_value": 5468433,
  "initial_h_values": {
    "add": 5468433
  },
  "limit_search_memory": 3584,
  "limit_search_time": 1799.81,
  "memory": 76188,
  "node": "ase49.cluster.bc2.ch",
  "plan_length": 58,
  "planner_exit_code": 36,
  "planner_wall_clock_time": 3.95,
  "raw_memory": 76188,
  "reopened": 0,
  "score_evaluations": 0.6130255706092257,
  "score_expansions": 0.8235340719290202,
  "score_generated": 0.5605561272470186,
  "score_memory": 0.5156152134884058,
  "score_search_time": 0.8268274295907688,
  "score_total_time": 0.8265962845576311,
  "search_time": 3.66198,
  "total_time": 3.66833,
  "unexplained_errors": [
    "driver-input-error"
  ],
  "unsolvable": 0
}