{
  "cost": 1488.0,
  "coverage": 1,
  "dead_ends": 0,
  "error": "driver-input-error",
  "evaluated": 169311,
  "evaluations": 169311,
  "expansions": 221893,
  "generated": 887366,
  "initial_h_value": 1372,
  "initial_h_values": {
    "add": 1372
  },
  "limit_search_memory": 3584,
  "limit_search_time": 1799.78,
  "memory": 29160,
  "node": "ase37.cluster.bc2.ch",
  "plan_length": 1488,
  "planner_exit_code": 36,
  "planner_wall_clock_time": 5.7,
  "raw_memory": 29160,
  "reopened": 118774,
  "score_evaluations": 0.1928287063024902,
  "score_expansions": 0.16346409953136792,
  "score_generated": 0.012974303893390153,
  "score_memory": 0.643417089289848,
  "score_search_time": 0.7765425667816798,
  "score_total_time": 0.7763278084959863,
  "search_time": 5.3383,
  "total_time": 5.3469,
  "unexplained_errors": [
    "driver-input-error"
  ],
  "unsolvable": 0
}