{
  "cost": 61.0,
  "coverage": 1,
  "dead_ends": 0,
  "error": "driver-input-error",
  "evaluated": 186911,
  "evaluations": 186911,
  "expansions": 116010,
  "generated": 466346,
  "initial_h_value": 78,
  "initial_h_values": {
    "add": 78
  },
  "limit_search_memory": 3584,
  "limit_search_time": 1784.98,
  "memory": 85880,
  "node": "ase48.cluster.bc2.ch",
  "plan_length": 61,
  "planner_exit_code": 36,
  "planner_wall_clock_time": 799.04,
  "raw_memory": 85880,
  "reopened": 26845,
  "score_evaluations": 0.18209128474260564,
  "score_expansions": 0.23387614330181794,
  "score_generated": 0.08282293599223664,
  "score_memory": 0.49968039986989177,
  "score_search_time": 0.11080378941714886,
  "score_total_time": 0.11034761068796296,
  "search_time": 778.646,
  "total_time": 781.31,
  "unexplained_errors": [
    "driver-input-error"
  ],
  "unsolvable": 0
}