{
  "cost": 155.0,
  "coverage": 1,
  "dead_ends": 12909,
  "error": "driver-input-error",
  "evaluated": 34539,
  "evaluations": 34539,
  "expansions": 16455,
  "generated": 62270,
  "initial_h_value": 470,
  "initial_h_values": {
    "add": 470
  },
  "limit_search_memory": 3584,
  "limit_search_time": 1795.82,
  "memory": 27160,
  "node": "ase45.cluster.bc2.ch",
  "plan_length": 155,
  "planner_exit_code": 36,
  "planner_wall_clock_time": 13.0,
  "raw_memory": 27160,
  "reopened": 0,
  "score_evaluations": 0.36542256015456653,
  "score_expansions": 0.4459255283424019,
  "score_generated": 0.30143028356964996,
  "score_memory": 0.652872106787832,
  "score_search_time": 0.7122839678371469,
  "score_total_time": 0.7114731161080781,
  "search_time": 8.63582,
  "total_time": 8.68845,
  "unexplained_errors": [
    "driver-input-error"
  ],
  "unsolvable": 0
}