{
  "cost": 140.0,
  "coverage": 1,
  "dead_ends": 0,
  "error": "driver-input-error",
  "evaluated": 163839,
  "evaluations": 163839,
  "expansions": 49166,
  "generated": 407359,
  "initial_h_value": 1259,
  "initial_h_values": {
    "pinch_tracking": 1259
  },
  "limit_search_memory": 3584,
  "limit_search_time": 1796.72,
  "memory": 54868,
  "node": "ase36.cluster.bc2.ch",
  "plan_length": 140,
  "planner_exit_code": 36,
  "planner_wall_clock_time": 356.34,
  "raw_memory": 54868,
  "reopened": 2112,
  "score_evaluations": 0.19639567785887718,
  "score_expansions": 0.32708378079603556,
  "score_generated": 0.09750567103683777,
  "score_memory": 0.5592988097753445,
  "score_search_time": 0.21766176716254257,
  "score_total_time": 0.21758513256788606,
  "search_time": 351.645,
  "total_time": 351.847,
  "unexplained_errors": [
    "driver-input-error"
  ],
  "unsolvable": 0
}