{
  "cost": 73.0,
  "coverage": 1,
  "dead_ends": 306,
  "error": "driver-input-error",
  "evaluated": 62431,
  "evaluations": 62431,
  "expansions": 10734,
  "generated": 138640,
  "initial_h_value": 101,
  "initial_h_values": {
    "add": 101
  },
  "limit_search_memory": 3584,
  "limit_search_time": 1796.01,
  "memory": 33956,
  "node": "ase35.cluster.bc2.ch",
  "plan_length": 73,
  "planner_exit_code": 36,
  "planner_wall_clock_time": 49.48,
  "raw_memory": 33956,
  "reopened": 2297,
  "score_evaluations": 0.30114992715535766,
  "score_expansions": 0.49230960226224585,
  "score_generated": 0.2145278625735349,
  "score_memory": 0.6231547299121852,
  "score_search_time": 0.49210724841980946,
  "score_total_time": 0.4912710745445243,
  "search_time": 44.9614,
  "total_time": 45.244,
  "unexplained_errors": [
    "driver-input-error"
  ],
  "unsolvable": 0
}