{
  "cost": 358.0,
  "coverage": 1,
  "dead_ends": 1845,
  "error": "driver-input-error",
  "evaluated": 21151,
  "evaluations": 21151,
  "expansions": 4161,
  "generated": 26655,
  "initial_h_value": 1022,
  "initial_h_values": {
    "add": 1022
  },
  "limit_search_memory": 3584,
  "limit_search_time": 1790.05,
  "memory": 34988,
  "node": "ase31.cluster.bc2.ch",
  "plan_length": 358,
  "planner_exit_code": 36,
  "planner_wall_clock_time": 26.85,
  "raw_memory": 34988,
  "reopened": 0,
  "score_evaluations": 0.41866727368907614,
  "score_expansions": 0.595200571051763,
  "score_generated": 0.39355532828475437,
  "score_memory": 0.6191706504600544,
  "score_search_time": 0.6253373318626547,
  "score_total_time": 0.6242156983181135,
  "search_time": 16.5473,
  "total_time": 16.6869,
  "unexplained_errors": [
    "driver-input-error"
  ],
  "unsolvable": 0
}