{
  "cost": 52.0,
  "coverage": 1,
  "dead_ends": 0,
  "error": "driver-input-error",
  "evaluated": 348621,
  "evaluations": 348621,
  "expansions": 119847,
  "generated": 612811,
  "initial_h_value": 41,
  "initial_h_values": {
    "pinch_tracking": 41
  },
  "limit_search_memory": 3584,
  "limit_search_time": 1798.18,
  "memory": 53328,
  "node": "ase45.cluster.bc2.ch",
  "plan_length": 52,
  "planner_exit_code": 36,
  "planner_wall_clock_time": 324.01,
  "raw_memory": 53328,
  "reopened": 8579,
  "score_evaluations": 0.11441161392395711,
  "score_expansions": 0.2303432081792807,
  "score_generated": 0.05316836192234509,
  "score_memory": 0.5630871692050247,
  "score_search_time": 0.22985887331726199,
  "score_total_time": 0.22982023708488256,
  "search_time": 321.13,
  "total_time": 321.223,
  "unexplained_errors": [
    "driver-input-error"
  ],
  "unsolvable": 0
}