{
  "cost": 137.0,
  "coverage": 1,
  "dead_ends": 2076,
  "error": "driver-input-error",
  "evaluated": 90617,
  "evaluations": 90617,
  "expansions": 20155,
  "generated": 176586,
  "initial_h_value": 1050,
  "initial_h_values": {
    "pinch": 1050
  },
  "limit_search_memory": 3584,
  "limit_search_time": 1796.36,
  "memory": 41256,
  "node": "ase49.cluster.bc2.ch",
  "plan_length": 137,
  "planner_exit_code": 36,
  "planner_wall_clock_time": 199.36,
  "raw_memory": 41256,
  "reopened": 172,
  "score_evaluations": 0.2606975799582447,
  "score_expansions": 0.42390429937773255,
  "score_generated": 0.1882609327260804,
  "score_memory": 0.5972417473833748,
  "score_search_time": 0.29648269284990664,
  "score_total_time": 0.2962861965761014,
  "search_time": 194.77,
  "total_time": 195.057,
  "unexplained_errors": [
    "driver-input-error"
  ],
  "unsolvable": 0
}