{
  "cost": 61.0,
  "coverage": 1,
  "dead_ends": 0,
  "error": "driver-input-error",
  "evaluated": 112444,
  "evaluations": 112444,
  "expansions": 12720,
  "generated": 180058,
  "initial_h_value": 85,
  "initial_h_values": {
    "pinch": 85
  },
  "limit_search_memory": 3584,
  "limit_search_time": 1795.59,
  "memory": 54364,
  "node": "ase51.cluster.bc2.ch",
  "plan_length": 61,
  "planner_exit_code": 36,
  "planner_wall_clock_time": 307.93,
  "raw_memory": 54364,
  "reopened": 40,
  "score_evaluations": 0.23726592837947916,
  "score_expansions": 0.4738782221719013,
  "score_generated": 0.1861468945261439,
  "score_memory": 0.5605268032633335,
  "score_search_time": 0.23775775893619516,
  "score_total_time": 0.23764480506884755,
  "search_time": 302.339,
  "total_time": 302.595,
  "unexplained_errors": [
    "driver-input-error"
  ],
  "unsolvable": 0
}