{
  "cost": 168.0,
  "coverage": 1,
  "dead_ends": 0,
  "error": "driver-input-error",
  "evaluated": 368950,
  "evaluations": 368950,
  "expansions": 1548,
  "generated": 483210,
  "initial_h_value": 160,
  "initial_h_values": {
    "add": 160
  },
  "limit_search_memory": 3584,
  "limit_search_time": 1797.98,
  "memory": 50384,
  "node": "ase48.cluster.bc2.ch",
  "plan_length": 168,
  "planner_exit_code": 36,
  "planner_wall_clock_time": 46.2,
  "raw_memory": 50384,
  "reopened": 0,
  "score_evaluations": 0.10825812132975737,
  "score_expansions": 0.7025572609132815,
  "score_generated": 0.0789660216493592,
  "score_memory": 0.5706439672663911,
  "score_search_time": 0.49780436982945464,
  "score_total_time": 0.49748344872601724,
  "search_time": 43.1061,
  "total_time": 43.2099,
  "unexplained_errors": [
    "driver-input-error"
  ],
  "unsolvable": 0
}