{
  "cost": 113.0,
  "coverage": 1,
  "dead_ends": 378,
  "error": "driver-input-error",
  "evaluated": 11590,
  "evaluations": 11590,
  "expansions": 19182,
  "generated": 48070,
  "initial_h_value": 257,
  "initial_h_values": {
    "pinch": 257
  },
  "limit_search_memory": 3584,
  "limit_search_time": 1793.14,
  "memory": 29756,
  "node": "ase52.cluster.bc2.ch",
  "plan_length": 113,
  "planner_exit_code": 36,
  "planner_wall_clock_time": 24.3,
  "raw_memory": 29756,
  "reopened": 8167,
  "score_evaluations": 0.483979141009101,
  "score_expansions": 0.4292765283361672,
  "score_generated": 0.32953146946783834,
  "score_memory": 0.6407246857534232,
  "score_search_time": 0.6223416941429776,
  "score_total_time": 0.6199240878987243,
  "search_time": 16.9338,
  "total_time": 17.2433,
  "unexplained_errors": [
    "driver-input-error"
  ],
  "unsolvable": 0
}