{
  "cost": 59.0,
  "coverage": 1,
  "dead_ends": 0,
  "error": "driver-input-error",
  "evaluated": 566851,
  "evaluations": 566851,
  "expansions": 52134,
  "generated": 891927,
  "initial_h_value": 82,
  "initial_h_values": {
    "pinch": 82
  },
  "limit_search_memory": 3584,
  "limit_search_time": 1798.93,
  "memory": 80920,
  "node": "ase42.cluster.bc2.ch",
  "plan_length": 59,
  "planner_exit_code": 36,
  "planner_wall_clock_time": 412.72,
  "raw_memory": 80920,
  "reopened": 20,
  "score_evaluations": 0.06163277071845662,
  "score_expansions": 0.3207197380983665,
  "score_generated": 0.01241767227887667,
  "score_memory": 0.5075967686480882,
  "score_search_time": 0.19721353176389342,
  "score_total_time": 0.19719434636661484,
  "search_time": 410.281,
  "total_time": 410.34,
  "unexplained_errors": [
    "driver-input-error"
  ],
  "unsolvable": 0
}