{
  "cost": 270.0,
  "coverage": 1,
  "dead_ends": 0,
  "error": "driver-input-error",
  "evaluated": 707606,
  "evaluations": 707606,
  "expansions": 314,
  "generated": 731915,
  "initial_h_value": 777,
  "initial_h_values": {
    "pinch": 777
  },
  "limit_search_memory": 3584,
  "limit_search_time": 1759.68,
  "memory": 186692,
  "node": "ase49.cluster.bc2.ch",
  "plan_length": 270,
  "planner_exit_code": 36,
  "planner_wall_clock_time": 85.22,
  "raw_memory": 186692,
  "reopened": 0,
  "score_evaluations": 0.03755212330892085,
  "score_expansions": 0.8757675879816963,
  "score_generated": 0.033884838059998375,
  "score_memory": 0.3963497987374509,
  "score_search_time": 0.5001482267319544,
  "score_total_time": 0.4931438324753485,
  "search_time": 41.9021,
  "total_time": 44.1538,
  "unexplained_errors": [
    "driver-input-error"
  ],
  "unsolvable": 0
}