{
  "cost": 59.0,
  "coverage": 1,
  "dead_ends": 0,
  "error": "driver-input-error",
  "evaluated": 288674,
  "evaluations": 288674,
  "expansions": 99984,
  "generated": 545569,
  "initial_h_value": 52,
  "initial_h_values": {
    "pinch": 52
  },
  "limit_search_memory": 3584,
  "limit_search_time": 1798.89,
  "memory": 35624,
  "node": "ase45.cluster.bc2.ch",
  "plan_length": 59,
  "planner_exit_code": 36,
  "planner_wall_clock_time": 155.08,
  "raw_memory": 35624,
  "reopened": 10792,
  "score_evaluations": 0.134898082489308,
  "score_expansions": 0.2500173731691668,
  "score_generated": 0.06578757871886429,
  "score_memory": 0.6167734592393964,
  "score_search_time": 0.32851678821478486,
  "score_total_time": 0.32846633397905406,
  "search_time": 153.349,
  "total_time": 153.407,
  "unexplained_errors": [
    "driver-input-error"
  ],
  "unsolvable": 0
}