{
  "cost": 1852217.0,
  "coverage": 1,
  "dead_ends": 24306,
  "error": "driver-input-error",
  "evaluated": 32080,
  "evaluations": 32080,
  "expansions": 4697,
  "generated": 74278,
  "initial_h_value": 8084558,
  "initial_h_values": {
    "add": 8084558
  },
  "limit_search_memory": 3584,
  "limit_search_time": 1799.79,
  "memory": 117320,
  "node": "ase37.cluster.bc2.ch",
  "plan_length": 66,
  "planner_exit_code": 36,
  "planner_wall_clock_time": 32.7,
  "raw_memory": 117320,
  "reopened": 0,
  "score_evaluations": 0.3734414100969685,
  "score_expansions": 0.5820448599541879,
  "score_generated": 0.28228494963323075,
  "score_memory": 0.4581684368019372,
  "score_search_time": 0.5368702456704236,
  "score_total_time": 0.5368424713635858,
  "search_time": 32.1803,
  "total_time": 32.187,
  "unexplained_errors": [
    "driver-input-error"
  ],
  "unsolvable": 0
}