{
  "cost": 147.0,
  "coverage": 1,
  "dead_ends": 2232,
  "error": "driver-input-error",
  "evaluated": 46548,
  "evaluations": 46548,
  "expansions": 11226,
  "generated": 120154,
  "initial_h_value": 196,
  "initial_h_values": {
    "add": 196
  },
  "limit_search_memory": 3584,
  "limit_search_time": 1790.03,
  "memory": 40804,
  "node": "ase34.cluster.bc2.ch",
  "plan_length": 147,
  "planner_exit_code": 36,
  "planner_wall_clock_time": 95.55,
  "raw_memory": 40804,
  "reopened": 2380,
  "score_evaluations": 0.3330247435880796,
  "score_expansions": 0.4874437405290867,
  "score_generated": 0.23006544167275764,
  "score_memory": 0.5987077125306023,
  "score_search_time": 0.4076752122283374,
  "score_total_time": 0.4065871223805372,
  "search_time": 84.4792,
  "total_time": 85.1705,
  "unexplained_errors": [
    "driver-input-error"
  ],
  "unsolvable": 0
}