{
  "cost": 57.0,
  "coverage": 1,
  "dead_ends": 1473,
  "error": "driver-input-error",
  "evaluated": 450139,
  "evaluations": 450139,
  "expansions": 305333,
  "generated": 783803,
  "initial_h_value": 27,
  "initial_h_values": {
    "add": 27
  },
  "limit_search_memory": 3584,
  "limit_search_time": 1790.84,
  "memory": 84220,
  "node": "ase41.cluster.bc2.ch",
  "plan_length": 57,
  "planner_exit_code": 36,
  "planner_wall_clock_time": 804.08,
  "raw_memory": 84220,
  "reopened": 32642,
  "score_evaluations": 0.0866633395497382,
  "score_expansions": 0.12880656379317096,
  "score_generated": 0.026448269648979988,
  "score_memory": 0.5022777463828176,
  "score_search_time": 0.10900528436381494,
  "score_total_time": 0.10881583445970164,
  "search_time": 791.51,
  "total_time": 792.634,
  "unexplained_errors": [
    "driver-input-error"
  ],
  "unsolvable": 0
}