{
  "cost": 186.0,
  "coverage": 1,
  "dead_ends": 0,
  "error": "driver-input-error",
  "evaluated": 285119,
  "evaluations": 285119,
  "expansions": 187,
  "generated": 295178,
  "initial_h_value": 521,
  "initial_h_values": {
    "add": 521
  },
  "limit_search_memory": 3584,
  "limit_search_time": 1782.07,
  "memory": 89488,
  "node": "ase52.cluster.bc2.ch",
  "plan_length": 186,
  "planner_exit_code": 36,
  "planner_wall_clock_time": 398.68,
  "raw_memory": 89488,
  "reopened": 0,
  "score_evaluations": 0.1362434602112077,
  "score_expansions": 0.9320395983658751,
  "score_generated": 0.1324790035437589,
  "score_memory": 0.4942040674983942,
  "score_search_time": 0.20707594197082227,
  "score_total_time": 0.20673763610465745,
  "search_time": 378.213,
  "total_time": 379.172,
  "unexplained_errors": [
    "driver-input-error"
  ],
  "unsolvable": 0
}