{
  "cost": 50.0,
  "coverage": 1,
  "dead_ends": 38367,
  "error": "driver-input-error",
  "evaluated": 59191,
  "evaluations": 59191,
  "expansions": 5869,
  "generated": 257001,
  "initial_h_value": 66,
  "initial_h_values": {
    "add": 66
  },
  "limit_search_memory": 3584,
  "limit_search_time": 1614.51,
  "memory": 23204,
  "node": "ase34.cluster.bc2.ch",
  "plan_length": 50,
  "planner_exit_code": 36,
  "planner_wall_clock_time": 188.06,
  "raw_memory": 23204,
  "reopened": 231,
  "score_evaluations": 0.3069360806988203,
  "score_expansions": 0.5578589726216067,
  "score_generated": 0.14751629670254887,
  "score_memory": 0.6738201744379958,
  "score_search_time": 0.9175666763197807,
  "score_total_time": 0.9103118089371945,
  "search_time": 1.83844,
  "total_time": 1.93965,
  "unexplained_errors": [
    "driver-input-error"
  ],
  "unsolvable": 0
}