{
  "cost": 3122628.0,
  "coverage": 1,
  "dead_ends": 8123,
  "error": "driver-input-error",
  "evaluated": 34924,
  "evaluations": 34924,
  "expansions": 3253,
  "generated": 50166,
  "initial_h_value": 9307964,
  "initial_h_values": {
    "add": 9307964
  },
  "limit_search_memory": 3584,
  "limit_search_time": 1799.75,
  "memory": 76216,
  "node": "ase47.cluster.bc2.ch",
  "plan_length": 84,
  "planner_exit_code": 36,
  "planner_wall_clock_time": 54.42,
  "raw_memory": 76216,
  "reopened": 74,
  "score_evaluations": 0.36421900511303384,
  "score_expansions": 0.6219289841795367,
  "score_generated": 0.32489763154584733,
  "score_memory": 0.5155663174131003,
  "score_search_time": 0.4681350482927196,
  "score_total_time": 0.4681157315052645,
  "search_time": 53.8683,
  "total_time": 53.8761,
  "unexplained_errors": [
    "driver-input-error"
  ],
  "unsolvable": 0
}