{
  "cost": 47.0,
  "coverage": 1,
  "dead_ends": 0,
  "error": "driver-input-error",
  "evaluated": 176601,
  "evaluations": 176601,
  "expansions": 22079,
  "generated": 314844,
  "initial_h_value": 67,
  "initial_h_values": {
    "add": 67
  },
  "limit_search_memory": 3584,
  "limit_search_time": 1796.33,
  "memory": 38524,
  "node": "ase48.cluster.bc2.ch",
  "plan_length": 47,
  "planner_exit_code": 36,
  "planner_wall_clock_time": 104.75,
  "raw_memory": 38524,
  "reopened": 944,
  "score_evaluations": 0.18825171039169028,
  "score_expansions": 0.41400515013060063,
  "score_generated": 0.12547614466441975,
  "score_memory": 0.6063591018685442,
  "score_search_time": 0.3850250702111159,
  "score_total_time": 0.3846889282009622,
  "search_time": 100.315,
  "total_time": 100.568,
  "unexplained_errors": [
    "driver-input-error"
  ],
  "unsolvable": 0
}