{
  "cost": 106.0,
  "coverage": 1,
  "dead_ends": 960,
  "error": "driver-input-error",
  "evaluated": 27930,
  "evaluations": 27930,
  "expansions": 7544,
  "generated": 80342,
  "initial_h_value": 145,
  "initial_h_values": {
    "pinch": 145
  },
  "limit_search_memory": 3584,
  "limit_search_time": 1796.22,
  "memory": 37448,
  "node": "ase36.cluster.bc2.ch",
  "plan_length": 106,
  "planner_exit_code": 36,
  "planner_wall_clock_time": 182.21,
  "raw_memory": 37448,
  "reopened": 2769,
  "score_evaluations": 0.38848226607474867,
  "score_expansions": 0.530599580067682,
  "score_generated": 0.27376434033134395,
  "score_memory": 0.6101287436646466,
  "score_search_time": 0.3091852071322585,
  "score_total_time": 0.3089924167781765,
  "search_time": 177.076,
  "total_time": 177.332,
  "unexplained_errors": [
    "driver-input-error"
  ],
  "unsolvable": 0
}