{
  "cost": 70.0,
  "coverage": 1,
  "dead_ends": 7286,
  "error": "driver-input-error",
  "evaluated": 143623,
  "evaluations": 143623,
  "expansions": 263941,
  "generated": 667378,
  "initial_h_value": 165,
  "initial_h_values": {
    "pinch": 165
  },
  "limit_search_memory": 3584,
  "limit_search_time": 1795.73,
  "memory": 37432,
  "node": "ase46.cluster.bc2.ch",
  "plan_length": 70,
  "planner_exit_code": 36,
  "planner_wall_clock_time": 150.17,
  "raw_memory": 37432,
  "reopened": 128461,
  "score_evaluations": 0.21069400149064296,
  "score_expansions": 0.14462328555344844,
  "score_generated": 0.04390702847188003,
  "score_memory": 0.6101856114721134,
  "score_search_time": 0.3357420625449965,
  "score_total_time": 0.3355426215956492,
  "search_time": 145.096,
  "total_time": 145.313,
  "unexplained_errors": [
    "driver-input-error"
  ],
  "unsolvable": 0
}