{
  "cost": 47.0,
  "coverage": 1,
  "dead_ends": 67027,
  "error": "driver-input-error",
  "evaluated": 111764,
  "evaluations": 111764,
  "expansions": 8480,
  "generated": 820074,
  "initial_h_value": 53,
  "initial_h_values": {
    "add": 53
  },
  "limit_search_memory": 3584,
  "limit_search_time": 1769.35,
  "memory": 23356,
  "node": "ase48.cluster.bc2.ch",
  "plan_length": 47,
  "planner_exit_code": 36,
  "planner_wall_clock_time": 32.49,
  "raw_memory": 23356,
  "reopened": 321,
  "score_evaluations": 0.23792451583665594,
  "score_expansions": 0.5179010369358216,
  "score_generated": 0.021536739238940207,
  "score_memory": 0.6729513250690595,
  "score_search_time": 0.9358061317079603,
  "score_total_time": 0.9326653521352579,
  "search_time": 1.61618,
  "total_time": 1.65459,
  "unexplained_errors": [
    "driver-input-error"
  ],
  "unsolvable": 0
}