{
  "cost": 140.0,
  "coverage": 1,
  "dead_ends": 0,
  "error": "driver-input-error",
  "evaluated": 163839,
  "evaluations": 163839,
  "expansions": 49166,
  "generated": 407359,
  "initial_h_value": 1259,
  "initial_h_values": {
    "add": 1259
  },
  "limit_search_memory": 3584,
  "limit_search_time": 1796.67,
  "memory": 42800,
  "node": "ase42.cluster.bc2.ch",
  "plan_length": 140,
  "planner_exit_code": 36,
  "planner_wall_clock_time": 86.59,
  "raw_memory": 42800,
  "reopened": 2112,
  "score_evaluations": 0.19639567785887718,
  "score_expansions": 0.32708378079603556,
  "score_generated": 0.09750567103683777,
  "score_memory": 0.5923525253555425,
  "score_search_time": 0.41076561077669504,
  "score_total_time": 0.4104203717543363,
  "search_time": 82.7265,
  "total_time": 82.9408,
  "unexplained_errors": [
    "driver-input-error"
  ],
  "unsolvable": 0
}