{
  "cost": 1488.0,
  "coverage": 1,
  "dead_ends": 0,
  "error": "driver-input-error",
  "evaluated": 169311,
  "evaluations": 169311,
  "expansions": 221893,
  "generated": 887366,
  "initial_h_value": 1372,
  "initial_h_values": {
    "pinch_tracking": 1372
  },
  "limit_search_memory": 3584,
  "limit_search_time": 1799.78,
  "memory": 35380,
  "node": "ase51.cluster.bc2.ch",
  "plan_length": 1488,
  "planner_exit_code": 36,
  "planner_wall_clock_time": 12.09,
  "raw_memory": 35380,
  "reopened": 118774,
  "score_evaluations": 0.1928287063024902,
  "score_expansions": 0.16346409953136792,
  "score_generated": 0.012974303893390153,
  "score_memory": 0.6176880378734997,
  "score_search_time": 0.671792859160225,
  "score_total_time": 0.6716937358737477,
  "search_time": 11.7054,
  "total_time": 11.7141,
  "unexplained_errors": [
    "driver-input-error"
  ],
  "unsolvable": 0
}