{
  "cost": 73.0,
  "coverage": 1,
  "dead_ends": 306,
  "error": "driver-input-error",
  "evaluated": 62431,
  "evaluations": 62431,
  "expansions": 10734,
  "generated": 138640,
  "initial_h_value": 101,
  "initial_h_values": {
    "pinch": 101
  },
  "limit_search_memory": 3584,
  "limit_search_time": 1796.04,
  "memory": 39872,
  "node": "ase53.cluster.bc2.ch",
  "plan_length": 73,
  "planner_exit_code": 36,
  "planner_wall_clock_time": 493.07,
  "raw_memory": 39872,
  "reopened": 2297,
  "score_evaluations": 0.30114992715535766,
  "score_expansions": 0.49230960226224585,
  "score_generated": 0.2145278625735349,
  "score_memory": 0.6017824157811265,
  "score_search_time": 0.17405159659688002,
  "score_total_time": 0.17398562801049955,
  "search_time": 487.413,
  "total_time": 487.654,
  "unexplained_errors": [
    "driver-input-error"
  ],
  "unsolvable": 0
}