{
  "cost": 168.0,
  "coverage": 1,
  "dead_ends": 135602,
  "error": "driver-input-error",
  "evaluated": 361847,
  "evaluations": 361847,
  "expansions": 149299,
  "generated": 718321,
  "initial_h_value": 358,
  "initial_h_values": {
    "add": 358
  },
  "limit_search_memory": 3584,
  "limit_search_time": 1796.47,
  "memory": 79568,
  "node": "ase41.cluster.bc2.ch",
  "plan_length": 168,
  "planner_exit_code": 36,
  "planner_wall_clock_time": 98.0,
  "raw_memory": 79568,
  "reopened": 0,
  "score_evaluations": 0.11036875591759059,
  "score_expansions": 0.2064857752889988,
  "score_generated": 0.03592035921277874,
  "score_memory": 0.5098388776981403,
  "score_search_time": 0.39365960303464037,
  "score_total_time": 0.39359306208703143,
  "search_time": 94.0343,
  "total_time": 94.0812,
  "unexplained_errors": [
    "driver-input-error"
  ],
  "unsolvable": 0
}