{
  "cost": 1488.0,
  "coverage": 1,
  "dead_ends": 0,
  "error": "driver-input-error",
  "evaluated": 169311,
  "evaluations": 169311,
  "expansions": 221893,
  "generated": 887366,
  "initial_h_value": 1372,
  "initial_h_values": {
    "pinch": 1372
  },
  "limit_search_memory": 3584,
  "limit_search_time": 1799.76,
  "memory": 29300,
  "node": "ase44.cluster.bc2.ch",
  "plan_length": 1488,
  "planner_exit_code": 36,
  "planner_wall_clock_time": 12.23,
  "raw_memory": 29300,
  "reopened": 118774,
  "score_evaluations": 0.1928287063024902,
  "score_expansions": 0.16346409953136792,
  "score_generated": 0.012974303893390153,
  "score_memory": 0.6427797328390363,
  "score_search_time": 0.6705998168307448,
  "score_total_time": 0.6704970600388079,
  "search_time": 11.8105,
  "total_time": 11.8196,
  "unexplained_errors": [
    "driver-input-error"
  ],
  "unsolvable": 0
}