{
  "cost": 138.0,
  "coverage": 1,
  "dead_ends": 1204,
  "error": "driver-input-error",
  "evaluated": 40420,
  "evaluations": 40420,
  "expansions": 7608,
  "generated": 82329,
  "initial_h_value": 197,
  "initial_h_values": {
    "pinch": 197
  },
  "limit_search_memory": 3584,
  "limit_search_time": 1794.18,
  "memory": 47244,
  "node": "ase53.cluster.bc2.ch",
  "plan_length": 138,
  "planner_exit_code": 36,
  "planner_wall_clock_time": 532.08,
  "raw_memory": 47244,
  "reopened": 1203,
  "score_evaluations": 0.3483509227051787,
  "score_expansions": 0.5296823740176607,
  "score_generated": 0.27111178991646107,
  "score_memory": 0.5792067989224429,
  "score_search_time": 0.1646423143188316,
  "score_total_time": 0.164538656982575,
  "search_time": 522.567,
  "total_time": 522.973,
  "unexplained_errors": [
    "driver-input-error"
  ],
  "unsolvable": 0
}