{
  "cost": 287.0,
  "coverage": 1,
  "dead_ends": 0,
  "error": "driver-input-error",
  "evaluated": 265348,
  "evaluations": 265348,
  "expansions": 288,
  "generated": 294744,
  "initial_h_value": 838,
  "initial_h_values": {
    "pinch": 838
  },
  "limit_search_memory": 3584,
  "limit_search_time": 1777.03,
  "memory": 100840,
  "node": "ase52.cluster.bc2.ch",
  "plan_length": 287,
  "planner_exit_code": 36,
  "planner_wall_clock_time": 51.69,
  "raw_memory": 100840,
  "reopened": 0,
  "score_evaluations": 0.14404604535445367,
  "score_expansions": 0.8851518780601922,
  "score_generated": 0.13263875673074896,
  "score_memory": 0.47831136260137447,
  "score_search_time": 0.559662316258324,
  "score_total_time": 0.5539728256918238,
  "search_time": 26.9751,
  "total_time": 28.1483,
  "unexplained_errors": [
    "driver-input-error"
  ],
  "unsolvable": 0
}