{
  "cost": 73.0,
  "coverage": 1,
  "dead_ends": 306,
  "error": "driver-input-error",
  "evaluated": 62431,
  "evaluations": 62431,
  "expansions": 10734,
  "generated": 138640,
  "initial_h_value": 101,
  "initial_h_values": {
    "pinch_tracking": 101
  },
  "limit_search_memory": 3584,
  "limit_search_time": 1796.09,
  "memory": 42060,
  "node": "ase42.cluster.bc2.ch",
  "plan_length": 73,
  "planner_exit_code": 36,
  "planner_wall_clock_time": 436.86,
  "raw_memory": 42060,
  "reopened": 2297,
  "score_evaluations": 0.30114992715535766,
  "score_expansions": 0.49230960226224585,
  "score_generated": 0.2145278625735349,
  "score_memory": 0.5946734018593526,
  "score_search_time": 0.19041612254325388,
  "score_total_time": 0.19033474684120352,
  "search_time": 431.173,
  "total_time": 431.436,
  "unexplained_errors": [
    "driver-input-error"
  ],
  "unsolvable": 0
}