{
  "cost": 35.0,
  "coverage": 1,
  "dead_ends": 283,
  "error": "driver-input-error",
  "evaluated": 60003,
  "evaluations": 60003,
  "expansions": 37724,
  "generated": 97743,
  "initial_h_value": 21,
  "initial_h_values": {
    "add": 21
  },
  "limit_search_memory": 3584,
  "limit_search_time": 1795.15,
  "memory": 38956,
  "node": "ase47.cluster.bc2.ch",
  "plan_length": 35,
  "planner_exit_code": 36,
  "planner_wall_clock_time": 59.81,
  "raw_memory": 38956,
  "reopened": 4409,
  "score_evaluations": 0.30545675885877777,
  "score_expansions": 0.3558455659546143,
  "score_generated": 0.25247858385445565,
  "score_memory": 0.6048751802357194,
  "score_search_time": 0.46744868005626383,
  "score_total_time": 0.46591271571078025,
  "search_time": 54.0724,
  "total_time": 54.6983,
  "unexplained_errors": [
    "driver-input-error"
  ],
  "unsolvable": 0
}