{
  "cost": 99.0,
  "coverage": 1,
  "dead_ends": 1470,
  "error": "driver-input-error",
  "evaluated": 47022,
  "evaluations": 47022,
  "expansions": 8941,
  "generated": 97148,
  "initial_h_value": 126,
  "initial_h_values": {
    "pinch": 126
  },
  "limit_search_memory": 3584,
  "limit_search_time": 1795.47,
  "memory": 40408,
  "node": "ase48.cluster.bc2.ch",
  "plan_length": 99,
  "planner_exit_code": 36,
  "planner_wall_clock_time": 407.86,
  "raw_memory": 40408,
  "reopened": 1047,
  "score_evaluations": 0.33192472571210857,
  "score_expansions": 0.5121534762799268,
  "score_generated": 0.2531415339639514,
  "score_memory": 0.6000054616799605,
  "score_search_time": 0.1998467320605866,
  "score_total_time": 0.19975007414819407,
  "search_time": 401.644,
  "total_time": 401.935,
  "unexplained_errors": [
    "driver-input-error"
  ],
  "unsolvable": 0
}