{
  "cost": 104.0,
  "coverage": 1,
  "dead_ends": 152,
  "error": "driver-input-error",
  "evaluated": 11926,
  "evaluations": 11926,
  "expansions": 3884,
  "generated": 38422,
  "initial_h_value": 199,
  "initial_h_values": {
    "pinch": 199
  },
  "limit_search_memory": 3584,
  "limit_search_time": 1794.43,
  "memory": 43940,
  "node": "ase48.cluster.bc2.ch",
  "plan_length": 104,
  "planner_exit_code": 36,
  "planner_wall_clock_time": 104.74,
  "raw_memory": 43940,
  "reopened": 1595,
  "score_evaluations": 0.4808762987475698,
  "score_expansions": 0.6026801946910082,
  "score_generated": 0.3538550080833336,
  "score_memory": 0.5888545014618497,
  "score_search_time": 0.38750299309729713,
  "score_total_time": 0.38698967187366745,
  "search_time": 98.4057,
  "total_time": 98.7849,
  "unexplained_errors": [
    "driver-input-error"
  ],
  "unsolvable": 0
}