{
  "cost": 43.0,
  "coverage": 1,
  "dead_ends": 12,
  "error": "driver-input-error",
  "evaluated": 245497,
  "evaluations": 245497,
  "expansions": 28619,
  "generated": 925030,
  "initial_h_value": 46,
  "initial_h_values": {
    "add": 46
  },
  "limit_search_memory": 3584,
  "limit_search_time": 1798.88,
  "memory": 32772,
  "node": "ase53.cluster.bc2.ch",
  "plan_length": 43,
  "planner_exit_code": 36,
  "planner_wall_clock_time": 6.06,
  "raw_memory": 32772,
  "reopened": 539,
  "score_evaluations": 0.15248845265857947,
  "score_expansions": 0.3858363863378878,
  "score_generated": 0.008461045565732777,
  "score_memory": 0.6278775511632378,
  "score_search_time": 0.7911819825355864,
  "score_total_time": 0.7897751376155726,
  "search_time": 4.78303,
  "total_time": 4.83373,
  "unexplained_errors": [
    "driver-input-error"
  ],
  "unsolvable": 0
}