{
  "cost": 427.0,
  "coverage": 1,
  "dead_ends": 265727,
  "error": "driver-input-error",
  "evaluated": 812637,
  "evaluations": 812637,
  "expansions": 286317,
  "generated": 1594731,
  "initial_h_value": 1174,
  "initial_h_values": {
    "pinch": 1174
  },
  "limit_search_memory": 3584,
  "limit_search_time": 1786.33,
  "memory": 306936,
  "node": "ase35.cluster.bc2.ch",
  "plan_length": 427,
  "planner_exit_code": 36,
  "planner_wall_clock_time": 836.02,
  "raw_memory": 306936,
  "reopened": 0,
  "score_evaluations": 0.022525851947759162,
  "score_expansions": 0.13578821627175203,
  "score_generated": -0.0,
  "score_memory": 0.33018984982708466,
  "score_search_time": 0.10448823349684401,
  "score_total_time": 0.10446207899899473,
  "search_time": 816.902,
  "total_time": 817.062,
  "unexplained_errors": [
    "driver-input-error"
  ],
  "unsolvable": 0
}