{
  "cost": 2406643.0,
  "coverage": 1,
  "dead_ends": 4658,
  "error": "driver-input-error",
  "evaluated": 20314,
  "evaluations": 20314,
  "expansions": 3080,
  "generated": 32126,
  "initial_h_value": 7383162,
  "initial_h_values": {
    "add": 7383162
  },
  "limit_search_memory": 3584,
  "limit_search_time": 1799.79,
  "memory": 76188,
  "node": "ase46.cluster.bc2.ch",
  "plan_length": 69,
  "planner_exit_code": 36,
  "planner_wall_clock_time": 22.75,
  "raw_memory": 76188,
  "reopened": 84,
  "score_evaluations": 0.4230511379710066,
  "score_expansions": 0.627862320874889,
  "score_generated": 0.3732858362441693,
  "score_memory": 0.5156152134884058,
  "score_search_time": 0.5853885041891672,
  "score_total_time": 0.5853479538735967,
  "search_time": 22.3693,
  "total_time": 22.3761,
  "unexplained_errors": [
    "driver-input-error"
  ],
  "unsolvable": 0
}