{
  "cost": 56.0,
  "coverage": 1,
  "dead_ends": 0,
  "error": "driver-input-error",
  "evaluated": 297398,
  "evaluations": 297398,
  "expansions": 13849,
  "generated": 756566,
  "initial_h_value": 84,
  "initial_h_values": {
    "add": 84
  },
  "limit_search_memory": 3584,
  "limit_search_time": 1793.67,
  "memory": 45428,
  "node": "ase47.cluster.bc2.ch",
  "plan_length": 56,
  "planner_exit_code": 36,
  "planner_wall_clock_time": 22.52,
  "raw_memory": 45428,
  "reopened": 51,
  "score_evaluations": 0.13166548910809275,
  "score_expansions": 0.46464539618347817,
  "score_generated": 0.030288294938776397,
  "score_memory": 0.5844227707686135,
  "score_search_time": 0.6324804820279547,
  "score_total_time": 0.6298242979948857,
  "search_time": 15.6969,
  "total_time": 16.0124,
  "unexplained_errors": [
    "driver-input-error"
  ],
  "unsolvable": 0
}