{
  "cost": 99.0,
  "coverage": 1,
  "dead_ends": 1470,
  "error": "driver-input-error",
  "evaluated": 47022,
  "evaluations": 47022,
  "expansions": 8941,
  "generated": 97148,
  "initial_h_value": 126,
  "initial_h_values": {
    "pinch_tracking": 126
  },
  "limit_search_memory": 3584,
  "limit_search_time": 1795.47,
  "memory": 42880,
  "node": "ase36.cluster.bc2.ch",
  "plan_length": 99,
  "planner_exit_code": 36,
  "planner_wall_clock_time": 361.64,
  "raw_memory": 42880,
  "reopened": 1047,
  "score_evaluations": 0.33192472571210857,
  "score_expansions": 0.5121534762799268,
  "score_generated": 0.2531415339639514,
  "score_memory": 0.5921040273049029,
  "score_search_time": 0.21642300350694124,
  "score_total_time": 0.21630492214652675,
  "search_time": 354.731,
  "total_time": 355.045,
  "unexplained_errors": [
    "driver-input-error"
  ],
  "unsolvable": 0
}