{
  "cost": 155.0,
  "coverage": 1,
  "dead_ends": 44,
  "error": "driver-input-error",
  "evaluated": 56821,
  "evaluations": 56821,
  "expansions": 10814,
  "generated": 115333,
  "initial_h_value": 819,
  "initial_h_values": {
    "pinch": 819
  },
  "limit_search_memory": 3584,
  "limit_search_time": 1796.58,
  "memory": 40560,
  "node": "ase31.cluster.bc2.ch",
  "plan_length": 155,
  "planner_exit_code": 36,
  "planner_wall_clock_time": 54.16,
  "raw_memory": 40560,
  "reopened": 406,
  "score_evaluations": 0.31137278183551165,
  "score_expansions": 0.49150340869009856,
  "score_generated": 0.23451160277876587,
  "score_memory": 0.5995058379962097,
  "score_search_time": 0.477312314785823,
  "score_total_time": 0.47667134070221995,
  "search_time": 50.2411,
  "total_time": 50.483,
  "unexplained_errors": [
    "driver-input-error"
  ],
  "unsolvable": 0
}