{
  "cost": 70.0,
  "coverage": 1,
  "dead_ends": 7286,
  "error": "driver-input-error",
  "evaluated": 143623,
  "evaluations": 143623,
  "expansions": 263941,
  "generated": 667378,
  "initial_h_value": 165,
  "initial_h_values": {
    "pinch_tracking": 165
  },
  "limit_search_memory": 3584,
  "limit_search_time": 1795.75,
  "memory": 44164,
  "node": "ase40.cluster.bc2.ch",
  "plan_length": 70,
  "planner_exit_code": 36,
  "planner_wall_clock_time": 155.21,
  "raw_memory": 44164,
  "reopened": 128461,
  "score_evaluations": 0.21069400149064296,
  "score_expansions": 0.14462328555344844,
  "score_generated": 0.04390702847188003,
  "score_memory": 0.5881778490116826,
  "score_search_time": 0.3312385654884962,
  "score_total_time": 0.33103863594418337,
  "search_time": 150.077,
  "total_time": 150.302,
  "unexplained_errors": [
    "driver-input-error"
  ],
  "unsolvable": 0
}