{
  "cost": 193.0,
  "coverage": 1,
  "dead_ends": 0,
  "error": "driver-input-error",
  "evaluated": 194697,
  "evaluations": 194697,
  "expansions": 194,
  "generated": 204969,
  "initial_h_value": 551,
  "initial_h_values": {
    "add": 551
  },
  "limit_search_memory": 3584,
  "limit_search_time": 1787.57,
  "memory": 63448,
  "node": "ase39.cluster.bc2.ch",
  "plan_length": 193,
  "planner_exit_code": 36,
  "planner_wall_clock_time": 162.61,
  "raw_memory": 63448,
  "reopened": 0,
  "score_evaluations": 0.17766018507002215,
  "score_expansions": 0.9280495675174435,
  "score_generated": 0.17207795442750717,
  "score_memory": 0.5399649229777848,
  "score_search_time": 0.33186161822165616,
  "score_total_time": 0.3313086173935817,
  "search_time": 148.923,
  "total_time": 149.541,
  "unexplained_errors": [
    "driver-input-error"
  ],
  "unsolvable": 0
}