{
  "cost": 358.0,
  "coverage": 1,
  "dead_ends": 1845,
  "error": "driver-input-error",
  "evaluated": 21151,
  "evaluations": 21151,
  "expansions": 4161,
  "generated": 26655,
  "initial_h_value": 1022,
  "initial_h_values": {
    "pinch": 1022
  },
  "limit_search_memory": 3584,
  "limit_search_time": 1789.97,
  "memory": 36072,
  "node": "ase41.cluster.bc2.ch",
  "plan_length": 358,
  "planner_exit_code": 36,
  "planner_wall_clock_time": 36.11,
  "raw_memory": 36072,
  "reopened": 0,
  "score_evaluations": 0.41866727368907614,
  "score_expansions": 0.595200571051763,
  "score_generated": 0.39355532828475437,
  "score_memory": 0.615110425459731,
  "score_search_time": 0.5665165569657225,
  "score_total_time": 0.5657929793943338,
  "search_time": 25.7072,
  "total_time": 25.8469,
  "unexplained_errors": [
    "driver-input-error"
  ],
  "unsolvable": 0
}