{
  "cost": 35.0,
  "coverage": 1,
  "dead_ends": 0,
  "error": "driver-input-error",
  "evaluated": 544917,
  "evaluations": 544917,
  "expansions": 34284,
  "generated": 805426,
  "initial_h_value": 64,
  "initial_h_values": {
    "pinch": 64
  },
  "limit_search_memory": 3584,
  "limit_search_time": 1795.07,
  "memory": 70500,
  "node": "ase47.cluster.bc2.ch",
  "plan_length": 35,
  "planner_exit_code": 36,
  "planner_wall_clock_time": 1325.46,
  "raw_memory": 70500,
  "reopened": 28,
  "score_evaluations": 0.0659174107551959,
  "score_expansions": 0.366227128392408,
  "score_generated": 0.02349358875469638,
  "score_memory": 0.5259403342656749,
  "score_search_time": 0.041397247022676706,
  "score_total_time": 0.04136075250368804,
  "search_time": 1316.35,
  "total_time": 1316.71,
  "unexplained_errors": [
    "driver-input-error"
  ],
  "unsolvable": 0
}