{
  "cost": 287.0,
  "coverage": 1,
  "dead_ends": 0,
  "error": "driver-input-error",
  "evaluated": 265348,
  "evaluations": 265348,
  "expansions": 288,
  "generated": 294744,
  "initial_h_value": 838,
  "initial_h_values": {
    "pinch_tracking": 838
  },
  "limit_search_memory": 3584,
  "limit_search_time": 1777.09,
  "memory": 116656,
  "node": "ase49.cluster.bc2.ch",
  "plan_length": 287,
  "planner_exit_code": 36,
  "planner_wall_clock_time": 92.39,
  "raw_memory": 116656,
  "reopened": 0,
  "score_evaluations": 0.14404604535445367,
  "score_expansions": 0.8851518780601922,
  "score_generated": 0.13263875673074896,
  "score_memory": 0.45892372076602017,
  "score_search_time": 0.43674706507120065,
  "score_total_time": 0.43438347368838093,
  "search_time": 67.6719,
  "total_time": 68.8794,
  "unexplained_errors": [
    "driver-input-error"
  ],
  "unsolvable": 0
}